62

232.5 457.5 1
233.438 565.833 1 
475.25 471.5 1 
470.156 585 1 
364.75 439.833 1 
367.563 360.833 1 
427.219 360.833 1 
315.875 419.833 1 
461.719 376.5 1 
243.281 361.667 1 
255.938 224.167 1 
316.406 266 1 
399.375 322.167 1 
231.094 109.167 1 
360.406 111.5 1 
120.063 59.1667 1 
202.031 151.667 1 
203.438 213.333 1 
204.313 274.833 1 
158.438 148.167 1 
160.313 213.167 1 
162.656 277.5 1 
205.313 350 1 
206.25 407.5 1 
164.531 356.833 1 
166.469 419.833 1 
113.906 431.667 1 
117.25 493.333 1 
167.344 475.834 1 
207.656 460.834 1 
119.063 550.834 1 
169.688 531.5 1 
93.75 694.833 1 
229.688 737.5 1 
150.469 667.5 1 
156.094 648.167 1 
165.531 650.833 1 
358.891 689.167 1 
369.375 690.417 1 
376.234 632.083 1 
458.438 639.333 1 
452.813 674.583 1 
474.141 712.5 1 
470.625 768.333 1 
497.578 732.917 1 
501.563 659.167 1 
506.953 562.917 1 
478.828 540.417 1 
511.876 482.084 1 
517.266 380.417 1 
486.797 377.5 1 
491.251 317.084 1 
484.454 430.834 1 
500.391 296.667 1 
507.423 307.917 1 
498.048 194.584 1 
530.86 180.417 1 
524.298 292.5 1 
494.532 262.917 1 
531.328 99.5836 1 
518.672 117.5 1 
509.766 128.75 1 
