62

114.844 445.833 1
121.406 558.333 1 
359.531 433.333 1 
359.063 541.667 1 
237.656 415 1 
180.063 336.5 1 
240.063 334.333 1 
146.25 399.333 1 
287.406 344.833 1 
112.5 343.333 1 
109.625 197.5 1 
130.844 241.667 1 
202.562 295.833 1 
94.6875 75 1 
227.875 81.5 1 
53.4375 20.8333 1 
75.4688 122.333 1 
79.625 188.167 1 
84.375 252.5 1 
38.9062 116.667 1 
43.5938 189.167 1 
50.2188 257.333 1 
89.5313 332.5 1 
95.1563 394.167 1 
56.7813 344.167 1 
61.875 411.5 1 
16.4063 429.833 1 
22.9688 495 1 
67.0313 470.834 1 
97.5 449.167 1 
27.1875 556.667 1 
69.375 528.501 1 
13.125 711.667 1 
130.312 733.333 1 
64.2188 675 1 
66.0938 653.167 1 
78.3438 654 1 
242.578 660.833 1 
253.125 660 1 
256.875 601.667 1 
335.625 595.417 1 
381.266 625 1 
406.641 657.083 1 
405 710 1 
510.766 663.333 1 
514.453 596.667 1 
517.969 508.75 1 
387.891 496.667 1 
521.954 434.584 1 
527.579 338.334 1 
391.407 343.333 1 
392.813 282.5 1 
390.001 391.667 1 
433.126 263.333 1 
467.11 273.333 1 
395.157 165.417 1 
540.235 149.583 1 
533.907 257.083 1 
393.985 230.417 1 
523.532 76.25 1 
474.61 92.5 1 
438.516 102.25 1 
