62

145.375 452.333 1
149.594 565 1 
391 455 1 
388.656 566.667 1 
277.562 429.333 1 
263.031 348.333 1 
321.562 348.333 1 
216.563 411.666 1 
358.531 361.5 1 
150.938 354.166 1 
157.906 212.5 1 
211 253.5 1 
290.563 309.333 1 
133.125 90.8333 1 
266.719 97.5 1 
33.6875 40.8333 1 
105.469 136.667 1 
109.219 201.667 1 
112.5 262.5 1 
62.8125 132.5 1 
66.0938 200.833 1 
70.7812 268.333 1 
115.781 342.5 1 
118.594 402.5 1 
75.5312 352.5 1 
79.2187 417.5 1 
26.7187 433.333 1 
31.4062 495 1 
82.5 476.667 1 
121.406 458.334 1 
36.0937 556.667 1 
86.3125 533.167 1 
16.4063 706.667 1 
151.406 738.333 1 
72.6563 675 1 
76.875 654 1 
87.6563 655.833 1 
277.266 677.917 1 
288.281 677.917 1 
293.672 620 1 
373.594 622.083 1 
384.141 655.417 1 
407.109 691.25 1 
405.469 747.917 1 
454.688 707.917 1 
457.5 636.25 1 
461.953 545.417 1 
402.188 522.5 1 
463.828 465 1 
468.985 365 1 
407.11 363.333 1 
408.985 302.5 1 
405.469 416.666 1 
427.266 282.916 1 
442.266 293.333 1 
412.735 181.666 1 
478.828 166.25 1 
473.906 279.166 1 
410.86 249.166 1 
472.969 87.4997 1 
449.766 105 1 
432.656 117.083 1 
