62

127.5 435 1
134.531 546.667 1 
373.062 425.667 1 
373.594 534.833 1 
253.594 404.167 1 
218.906 325.833 1 
278.031 323 1 
179.531 386.5 1 
320.094 334.333 1 
127.094 333.333 1 
127.156 187.667 1 
165.937 230.667 1 
243.75 284 1 
102.656 62.5 1 
238.594 69.1667 1 
28.125 10.8333 1 
80.1562 111.667 1 
85.7812 177.5 1 
90.9375 241.667 1 
39.375 108.333 1 
44.5312 179.167 1 
51.5625 247.5 1 
96.5625 321.667 1 
101.25 384.167 1 
60 334.167 1 
66.0938 400 1 
15.9375 417.5 1 
22.9688 483.334 1 
70.25 458.167 1 
106.406 440.001 1 
29.5313 543.167 1 
75.9375 518.334 1 
15 695.833 1 
143.031 718.5 1 
68.4375 659.167 1 
71.25 639.833 1 
82.5 640.833 1 
261.563 651.667 1 
272.578 651.25 1 
275.391 592.917 1 
355.078 589.167 1 
382.672 621.25 1 
407.109 653.75 1 
406.875 708.334 1 
482.812 666.25 1 
485.625 597.917 1 
488.203 507.083 1 
393.75 490.833 1 
491.25 430.417 1 
495.469 331.667 1 
395.625 334.167 1 
397.031 272.084 1 
395.625 385 1 
426.625 252.5 1 
450.937 262.5 1 
399.14 152.083 1 
505.078 134.583 1 
500.625 245.833 1 
398.203 219.583 1 
493.125 56.6667 1 
456.328 75 1 
430.312 86.25 1 
